bc (mm)	fc (Mpa)	Ef (Mpa)	tf (mm)	bf (mm)	Lf (mm)	Pu (kN)
150	48.56	237000	0.169	60	40	14.6
150	23.82	230000	0.166	100	400	21.24
100	65.73	230000	0.083	100	300	11.8
150	22.16	256000	0.165	25	95	5.85
100	56.02	261100	0.33	50	300	14.09
150	26	241000	0.166	80	400	24
100	23.8	261100	0.167	50	300	15.7
150	48.56	233000	0.169	60	100	15.1
100	63	230000	0.495	50	106	28.4
80	23	42657	1.12	40	230	13.66
80	39.1	42657	1.12	40	200	11.03
150	26	241000	0.166	100	400	24.27
100	36.3	270000	0.111	50	150	11.3
150	26	241000	0.166	80	100	21.91
125	42	230000	0.167	25	152	5.3
100	60.3	230000	0.17	70	300	17.93
100	51.6	272660	0.167	50	100	20.5
100	41.5	272660	0.167	50	100	20.59
100	58	390000	0.33	50	100	27.1
100	23.8	261100	0.167	50	300	14.7
400	35	230000	0.33	100	330	42.9
100	65.73	230000	0.083	100	300	12.25
150	30.2	170000	1.4	100	300	55.3
150	59.02	238100	0.167	50	50	21.24
100	56.02	124500	0.386	50	300	12.86
100	32	82700	0.5	33	75	6.77
200	43.5	224000	0.393	75	250	24.27
100	32	272660	0.167	50	50	15.6
100	16	272660	0.167	50	50	10.97
150	26	241000	0.166	100	400	20.14
228.6	45.24	108480	1.016	25.4	76	11.2
150	48.56	233000	0.169	60	80	16.65
150	59.02	238100	0.167	50	30	11.64
150	25.2	256000	0.165	25	145	6.49
150	56.42	233000	0.169	60	20	4.76
500	25.34	230000	0.11	100	200	20.6
150	33.06	73000	0.24	40	200	7.12
100	16	272660	0.167	50	100	14.77
150	21.46	170000	1.4	50	125	19.3
150	25.3	248300	0.167	50	250	16.59
100	32	272660	0.167	50	100	18.4
150	48.56	233000	0.169	60	80	15.4
150	36.24	83030	0.507	80	100	14.65
100	32.6	230000	0.84	70	200	29.1
100	41.5	272660	0.167	50	100	20.16
150	26	180000	1.2	80	100	32.47
150	36.24	83030	0.507	50	60	9.42
200	40	152200	1.4	30	200	18.5
150	33.1	230000	0.17	100	150	20.45
140	44.57	209000	0.176	70	100	21.2
150	33.96	238100	0.167	50	250	30.15
150	27.44	256000	0.165	50	100	11.66
150	29.36	240000	0.083	100	100	12.5
100	33.6	239640	0.222	50	0.222	29.1
150	29.47	73000	0.24	40	200	6.93
100	56.02	261100	0.66	50	300	23.57
150	21.46	170000	1.4	50	250	19.86
100	33.6	239640	0.222	50	0.222	23.2
100	41.5	272660	0.167	50	300	20.72
80	23	42657	1.12	40	200	13.64
100	28.66	210000	1.2	50	255	36.8
100	16	272660	0.167	50	80	13.45
500	48.85	230000	0.33	100	200	34.1
150	32.92	248300	0.167	50	100	18.42
140	44.57	209000	0.176	100	80	25.8
100	65.73	261100	0.66	50	300	25.63
100	26.5	230000	0.167	40	100	7.65
228.6	24	108480	1.016	25.4	76	9.87
100	32	272660	0.167	50	80	16.66
150	48.56	233000	0.169	60	20	8.55
100	24	272660	0.167	50	300	17.42
100	65.73	23900	1	100	300	12.85
80	28.2	42657	1.5	40	200	11.01
150	26	241000	0.166	100	400	29.09
150	74.67	73000	0.169	50	100	9.2
150	45	235000	0.167	50	300	27.6
100	56.02	261100	0.167	50	300	8.76
150	48.56	233000	0.169	60	20	9
150	50.79	73000	0.24	40	200	12.8
150	41.1	238000	0.131	48	200	9.62
100	32.6	230000	0.84	70	300	31.13
125	39	230000	0.167	25	152	5.54
100	65.73	124500	0.386	50	300	12.76
100	63	390000	0.33	50	107.5	25.5
200	43.5	227000	0.393	150	250	51.65
200	68.33	170000	1.25	50	300	35.1
200	38.9	94000	0.51	50	250	13.8
100	41.5	272660	0.167	50	80	17.93
150	45.06	73000	0.24	40	200	10.87
100	25.3	230000	0.501	40	100	14.35
150	32	165000	1.25	100	300	47.8
150	30.2	175000	1	100	300	48.2
150	23.82	230000	0.166	100	400	20.74
100	26.5	230000	0.167	40	100	7.75
150	39.1	238000	0.131	48	150	9.6
100	65.73	261100	0.66	50	300	20.64
150	23.28	256000	0.165	25	85	5.69
140	44.57	209000	0.176	100	140	37.4
228.6	45.24	108480	1.016	25.4	76	9.61
150	48.56	73000	0.169	140	100	18.55
80	23	42657	1.12	40	230	14.62
150	23.82	230000	0.166	100	400	21.41
150	25.42	238100	0.167	50	100	23.41
100	65.73	230000	0.222	40	250	13
150	27.44	256000	0.165	25	100	5.94
100	32.6	230000	0.84	70	50	19.35
80	74.5	42657	1.12	40	200	15.88
150	45.15	244600	0.167	50	250	22.75
150	74.67	221000	0.111	60	60	11.42
200	32	152200	1.4	30	200	16.15
100	46.07	230000	0.22	50	75	10
100	58	230000	0.495	50	107.5	29.3
150	41.1	238000	0.131	48	175	9.86
150	52.6	165000	1.2	50	200	19.8
100	26.5	230000	0.167	40	100	8.8
150	33.1	230000	0.334	100	100	25.9
150	43	181000	1.2	50	200	27.2
150	48.56	233000	0.169	30	100	5.45
150	23.82	170000	1.4	50	400	21.55
200	24	152200	1.4	10	300	7.58
100	65.73	230000	0.222	40	250	13.9
80	23	42657	1.12	40	200	13.16
150	26	241000	0.166	80	100	21.49
150	33.1	230000	0.33	100	100	25.9
150	48.56	73000	0.169	80	100	9.9
150	52.6	195460	1.2	80	355	41
500	47.64	230000	0.33	100	200	38
100	60.3	230000	0.17	70	50	14.26
100	25.3	230000	0.167	40	100	8.85
100	28.66	32700	4	30	300	20.3
150	56.42	221000	0.111	60	200	12.84
150	48.56	233000	0.169	60	40	11.75
100	25.3	230000	0.501	40	100	12.65
150	74.67	221000	0.111	60	200	12.42
100	43.4	230000	0.5	70	200	25.93
150	45.04	244600	0.167	50	30	13.73
100	65.73	425000	0.33	50	300	19.48
200	24	152200	1.4	30	150	27.8
150	52.6	283650	0.13	80	355	17.4
150	48.56	233000	0.169	30	100	5.1
150	56.41	244600	0.167	50	250	21.14
140	44.57	209000	0.176	100	180	42.8
400	35	230000	0.11	100	330	31.8
100	27	230000	0.167	40	200	8.5
150	40.01	73000	0.24	40	200	11.83
100	47.1	261100	0.334	50	300	22.3
150	36	356750	0.111	75	90	12.65
100	24.7	373000	0.165	40	100	11.55
150	74.67	233000	0.169	150	100	28.8
150	26	241000	0.166	100	100	21.45
228.6	45.24	108480	1.016	25.4	76	10.52
150	48.56	73000	0.169	50	200	8.3
228.6	48.87	108480	1.016	25.4	76	10.64
80	28.2	42657	1.55	40	200	10.95
400	35	74000	0.223	100	330	25.5
100	32	82700	1	33	150	9.07
100	34.9	270000	0.111	30	175	7.4
80	74.5	42657	1.12	40	200	15.99
500	43.53	230000	0.33	100	200	38
150	24	230000	0.17	100	100	22
150	32.7	230000	0.22	100	100	28.25
400	35	230000	0.22	100	330	51
150	45.04	248300	0.167	50	100	16.43
150	48.56	237000	0.169	60	200	16.2
150	59.02	238100	0.167	50	250	24.99
150	36.8	238000	0.131	48	20	7.58
150	31.94	73000	0.24	40	200	7.34
150	23.82	170000	1.4	50	400	20.1
125	42	230000	0.167	25	152	5.6
150	74.67	233000	0.169	60	20	9.75
100	25.34	230000	0.55	20	150	11.75
150	33	165000	1.23	100	300	53.5
150	30.2	175000	1	100	300	46.9
100	51.6	272660	0.167	50	50	18.63
150	20.08	256000	0.165	25	95	5.43
125	42	230000	0.167	25	152	5.7
150	45.15	244600	0.167	50	50	14.53
150	48.56	233000	0.169	60	200	18.15
100	51.6	272660	0.167	50	300	20.87
150	21.36	256000	0.165	75	95	14.29
150	74.67	73000	0.169	140	100	21.34
200	43.5	227000	0.393	150	250	52.49
100	65.73	230000	0.333	100	300	25.35
150	29.36	240000	0.083	100	150	12.75
150	21.36	256000	0.165	25	95	6.26
100	24	272660	0.167	50	50	13.07
100	24.1	230000	0.17	70	200	8.5
100	51.6	272660	0.167	50	300	20.19
150	32.92	248300	0.167	50	30	13.29
100	40	91000	0.17	50	0.17	21.9
100	40	91000	0.51	50	0.51	32.45
200	32	152200	1.4	40	250	21.9
160	19	171000	1.25	100	300	38.14
150	74.67	73000	0.169	120	100	17.4
80	39.1	42657	1.45	40	200	11.38
200	40	152200	1.4	30	50	9.2
150	25.3	244600	0.167	50	30	7.38
150	45.15	248300	0.167	50	30	10.05
100	40.8	230000	0.11	50	150	9.2
150	74.67	73000	0.169	80	100	13.01
150	36.5	238000	0.131	48	75	9.52
140	44.57	209000	0.176	100	180	27.8
150	44	73000	0.24	40	200	11.27
400	35	230000	0.22	100	330	40.2
150	23.28	256000	0.165	25	95	6.17
80	74.5	42657	1.12	40	230	18.09
150	25.2	256000	0.165	25	240	7.16
400	35	230000	0.33	100	330	47.4
100	24.41	230000	0.11	20	150	5.35
200	24	152200	1.4	10	100	7.55
150	46.07	83030	0.507	20	150	5.9
150	48.56	233000	0.169	60	40	12.1
100	32	272660	0.167	50	300	18.6
100	23.76	165000	1.2	50	175	32
150	48.56	233000	0.169	60	80	14.95
100	30.8	235000	0.111	50	130	7.97
100	65.73	230000	0.167	100	300	18.9
150	74.67	71000	0.341	50	100	12.45
100	30.8	97000	0.169	50	70	6.66
150	46.07	83030	0.507	80	150	16.71
150	24.8	230000	0.167	100	100	20.1
150	32.92	244600	0.167	50	50	13.66
150	19.12	256000	0.165	25	95	5.51
100	27.44	256000	0.165	100	100	15.75
100	56.02	124500	0.386	50	300	12.71
150	46.07	207000	0.33	80	150	22.8
150	8	344500	0.111	100	120	11.46
150	50.98	73000	0.24	40	200	12.85
150	30	235000	0.167	50	300	24.1
150	46.07	207000	0.33	50	100	12.95
100	42.35	230000	0.11	50	150	10
150	48.56	233000	0.169	90	100	15.7
150	25.2	256000	0.165	25	190	7.07
100	63	230000	0.165	50	72.5	20
150	48.56	237000	0.169	60	40	13.85
150	43.04	73000	0.24	40	200	11.02
150	22.16	256000	0.165	25	190	5.56
140	44.57	209000	0.176	100	180	39
150	36.24	83030	0.507	50	150	11.8
150	26	241000	0.166	80	100	23.65
100	41.5	272660	0.167	50	50	18.44
150	48.56	73000	0.169	120	100	14.35
160	19	166000	1.2	100	300	52.6
150	21.46	170000	1.4	50	250	17.24
100	65.73	138000	1	40	250	16.99
150	48.56	73000	0.169	80	100	10.95
100	41.5	272660	0.167	50	100	18.15
100	65.73	230000	0.083	100	300	12.2
150	20.08	256000	0.165	25	95	5.93
80	39.1	43537	1.7	40	200	15.03
150	52.6	283650	0.13	80	355	16.5
150	48.56	73000	0.169	20	100	3.75
140	44.57	209000	0.176	100	220	31.7
200	40	152200	1.4	10	100	7.1
150	21.46	170000	1.4	50	125	20.74
150	31.4	165000	1.3	60	300	25.6
80	74.5	42657	1.12	40	230	16.33
150	40.09	73000	0.24	40	200	8.27
100	58	230000	0.17	70	200	19.23
150	8	344500	0.111	100	120	12.75
100	32.6	230000	0.17	30	300	9.05
150	74.67	73000	0.169	20	100	4
100	40	91000	0.34	50	0.34	22.25
150	26	241000	0.166	100	400	18.97
400	33.1	230000	0.11	100	210	24.5
100	57.6	261100	0.167	50	300	16.4
80	28.2	42657	1.12	40	200	11.17
150	74.67	71000	0.341	50	100	11.5
100	23.76	165000	1.2	50	150	28.44
100	40	91000	0.17	50	0.17	24.23
100	28.66	210000	1.2	50	200	36.02
100	45.12	372000	0.165	50	65	9.55
125	39	230000	0.167	25	152	5.44
150	25.3	244600	0.167	50	250	23.76
100	65.73	230000	0.167	100	300	16.65
150	46.05	238100	0.167	50	250	26.44
100	23.76	165000	1.2	50	300	34.24
150	33	175000	1.44	100	300	46.1
150	48.56	233000	0.169	60	100	17.65
100	65.73	261100	0.66	50	300	25.33
100	23.76	300000	1.2	50	300	45.95
150	23.28	256000	0.165	25	95	6.14
100	33.6	239640	0.222	50	0.222	33.1
150	39.1	238000	0.131	48	150	9.42
100	24	272660	0.167	50	100	14.4
150	26	180000	1.2	80	400	29.15
100	33.6	239640	0.222	50	0.222	28.6
150	56.42	73000	0.169	50	100	8.18
100	33.6	239640	0.222	50	0.222	27.6
100	32	82700	0.5	26	150	6.02
140	44.57	209000	0.176	100	140	26.7
80	39.1	43537	1.7	40	200	12.9
150	26	241000	0.166	100	100	20.45
100	24.41	230000	0.11	10	150	2.4
100	57.6	261100	0.334	50	300	25.6
200	40	152200	1.4	50	150	21.25
125	39	230000	0.167	25	152	5.36
150	19.12	256000	0.165	25	95	5.38
150	23.28	256000	0.165	25	115	5.96
200	24	152200	1.4	30	100	16.25
150	26	180000	1.2	80	100	28.33
228.6	36.4	108480	1.016	25.4	51	8.09
200	38.9	227000	0.3939	50	250	16.49
160	19	109000	1.6	100	300	49.41
140	44.57	209000	0.176	100	180	31.7
100	44.93	230000	0.11	50	300	11.95
100	24	272660	0.167	50	80	14.92
150	36	356750	0.111	50	100	8.31
150	26	180000	1.2	80	400	35.01
125	39	230000	0.167	12	152	3.96
150	43.13	238100	0.167	50	50	16.37
150	48.56	233000	0.169	60	40	10.7
150	33.06	73000	0.24	40	200	6.87
100	33.6	239640	0.222	50	0.222	23.6
150	26	241000	0.166	100	400	25.1
100	27	230000	0.167	40	300	8.3
150	27.7	165000	1.2	100	300	36.4
100	32	82700	0.5	33	100	7.03
150	31.4	165000	1.3	60	300	27.5
100	21.36	256000	0.165	80	95	13.78
100	21.36	256000	0.165	90	95	15.66
150	33.96	248300	0.167	50	250	18.42
100	65.73	261100	0.33	50	300	16.96
125	39	230000	0.167	19	152	4.27
200	24	152200	1.4	30	200	27.2
150	59.02	248300	0.167	50	100	15.14
100	58	230000	0.33	50	85	24.7
100	29.25	230000	0.167	40	200	9.3
150	25.2	256000	0.165	25	95	6.62
160	19	221000	1.7	100	300	54.79
100	65.73	23900	1	100	300	12.75
100	24.41	230000	0.33	20	150	9.25
150	48.56	73000	0.169	140	100	16.75
100	40.8	230000	0.11	50	75	5.8
150	36	356750	0.111	50	90	8.41
100	28.66	210000	1.2	50	190	36
150	45.15	244600	0.167	50	30	14.19
150	19.12	256000	0.165	25	95	5.86
150	46.05	238100	0.167	50	30	12.54
160	19	166000	1.2	100	300	49.85
150	32	170000	1.68	100	300	52.5
150	48.56	73000	0.169	50	30	6.25
150	48.56	73000	0.169	50	100	8.25
100	28.66	32700	4	30	250	20.4
150	45.15	244600	0.167	50	400	17.85
100	35.2	230000	0.17	70	200	16.5
150	22.96	207000	0.33	20	150	5.48
400	33.1	230000	0.11	100	210	24.5
150	23.82	230000	0.166	100	400	21.81
150	8	344500	0.111	100	120	12.54
150	23.79	256000	0.165	25	190	5.74
150	32.92	244600	0.167	50	250	26.93
150	56.41	244600	0.167	50	400	24.48
200	40	152200	1.4	30	100	17.8
150	21.36	256000	0.165	50	95	12.22
100	24.7	373000	0.165	40	100	11
150	23.82	170000	1.4	50	400	20.71
150	48.56	233000	0.169	150	100	22.45
200	40	152200	1.4	10	300	7.25
150	36	240720	0.111	50	90	7.79
150	23.28	256000	0.165	25	95	5.76
150	74.67	73000	0.169	50	40	9.1
100	24.41	261100	0.33	50	300	15.09
200	40	152200	1.4	50	50	10.8
150	27.44	256000	0.165	100	100	19.07
150	22.96	83030	0.507	50	150	10.6
150	46.01	73000	0.24	40	200	10.12
100	53.8	82700	0.5	33	150	9.37
150	27.7	165000	1.2	100	300	36.5
100	24.41	261100	0.33	50	300	15.29
100	70	230000	0.17	70	200	20
150	43	181000	1.2	50	400	32.3
100	51.6	272660	0.167	50	50	19.39
150	56.42	233000	0.169	60	200	13.7
150	56.42	221000	0.111	60	60	14.16
150	56.42	71000	0.341	50	60	9.2
150	46.05	238100	0.167	50	50	20.8
200	17	110000	0.99	50	100	12.86
100	58	390000	0.165	50	87.5	18.8
150	26	180000	1.2	80	400	32.77
100	40	230000	0.334	50	0.334	44.62
100	40	91000	0.51	50	0.51	44.19
150	74.67	221000	0.111	60	100	11.9
228.6	45.34	108480	1.016	25.4	76	11.2
100	30.8	235000	0.111	50	130	9.19
150	26	180000	1.2	80	400	37.5
100	60.3	230000	0.17	70	200	16.27
80	28.2	42657	1.12	40	200	12.45
80	39.1	43537	1.65	40	200	13.55
150	43	181000	1.2	50	400	37.6
200	32	152200	1.4	10	300	6.4
100	53.8	82700	0.5	33	150	9.32
80	28.2	43537	1.65	40	200	11.05
150	74.67	233000	0.169	120	100	27.7
150	29.47	73000	0.24	40	200	7.87
100	65.73	261100	0.167	50	300	11.8
100	24	272660	0.167	50	50	13.64
150	48.56	73000	0.169	50	20	4.8
152.4	36.4	108480	1.016	25.4	203	11.57
100	32.6	230000	0.17	70	50	12.45
80	30.8	42657	1.12	40	200	16.94
200	17	110000	0.825	50	100	11.64
100	21.36	256000	0.165	80	95	14.27
150	27.7	210000	1.4	100	300	47.3
100	65.73	261100	0.167	50	300	12.2
100	24	272660	0.167	50	80	14.47
200	61.5	110000	0.825	50	100	18.86
150	32.78	140000	1.4	50	250	31
150	25.2	256000	0.165	25	95	6.8
200	32	152200	1.4	40	150	27.45
140	44.57	209000	0.176	100	140	25.9
100	51.6	272660	0.167	50	100	19.1
125	39	230000	0.167	46	152	13.2
150	26	241000	0.166	80	400	24.96
140	44.57	209000	0.176	100	100	25.8
100	25.3	230000	0.334	40	100	10.8
140	44.57	209000	0.176	100	100	26.9
100	65.73	390000	0.167	40	250	11.9
150	40.6	238000	0.131	48	225	9.35
150	52.6	291020	0.13	80	355	14.4
400	35	74000	0.381	100	330	33.6
150	48.56	73000	0.169	120	100	14
150	22.16	256000	0.165	25	145	5.73
100	31.1	230000	0.17	70	200	9.9
150	21.46	170000	1.4	50	250	19.02
100	57.6	261100	0.083	50	300	11.5
200	62.66	170000	1.25	50	200	27.5
100	32	272660	0.167	50	50	15.83
150	32.92	244600	0.167	50	30	8.99
100	65.73	138000	2	40	250	23.69
100	32	82700	1	33	150	10.56
400	35	83600	0.354	100	330	32.7
100	45.12	230000	0.11	50	150	7.3
150	20.08	256000	0.165	25	95	6.19
150	22.16	256000	0.165	25	95	6.01
80	28.2	43537	1.65	40	200	11.84
100	65.73	230000	0.222	40	250	15.4
150	43	181000	1.2	50	300	24.4
150	36.5	238000	0.131	48	100	9.95
150	36.24	83030	0.507	80	150	16.44
150	33.96	238100	0.167	50	100	24.72
150	22.16	256000	0.165	25	145	5.76
150	23.28	256000	0.165	25	145	6.27
150	23.82	230000	0.166	100	400	21.69
100	65.73	138000	2	40	250	23.11
200	61.5	110000	0.495	50	100	13.24
100	16	272660	0.167	50	300	17.22
150	56.42	221000	0.111	60	100	11.7
150	56.41	244600	0.167	50	100	18.94
150	48.56	237000	0.169	60	60	12.35
200	43.5	224000	0.393	75	250	25.66
100	32	82700	0.5	33	150	8.22
150	46.07	207000	0.33	20	100	5.78
100	56.02	425000	0.33	50	300	16.25
100	26.5	230000	0.167	40	100	9.5
100	41.5	272660	0.167	50	80	18.62
200	32	152200	1.4	10	100	6.85
200	43.5	224000	0.393	100	250	33.48
150	16.4	240000	0.083	100	100	11
100	65.73	261100	0.33	50	300	16.64
80	30.8	42657	1.12	40	230	15.88
150	36.8	238000	0.131	48	50	9.74
200	38.9	227000	0.655	50	250	19.57
150	59.02	238100	0.167	50	100	21.89
125	39	230000	0.167	38	152	10.02
100	32	82700	0.5	33	100	8.73
100	60.3	230000	0.17	70	100	15.6
228.6	37.68	108480	1.016	25.4	76	9.93
150	52.6	165000	1.2	80	400	36.75
150	52.6	195460	1.2	80	355	38
140	44.57	209000	0.176	100	60	20
140	44.57	209000	0.176	70	100	24.2
200	24	152200	1.4	30	100	26
150	40.6	238000	0.131	48	250	9.67
150	32	170000	1.68	100	300	54.6
200	32	152200	1.4	10	200	6.95
150	23.82	230000	0.166	100	400	22.11
100	24.7	230000	0.167	40	100	6.8
150	74.67	71000	0.341	50	60	11.75
150	46.07	207000	0.33	80	100	16.24
250	43.5	227000	0.393	50	250	16.03
150	22.16	256000	0.165	25	190	5.85
150	52.6	197630	1.2	80	355	39.1
100	65.73	230000	0.333	100	300	27.25
100	16	272660	0.167	50	100	15.29
228.6	28.88	108480	1.016	25.4	76	8.46
150	19.12	256000	0.165	25	95	5
100	58	230000	0.495	50	108	26
150	40.41	73000	0.24	40	200	11.89
150	23.28	256000	0.165	25	95	5.76
100	24	272660	0.167	50	50	13.55
100	32	82700	0.5	33	100	8.81
400	35	83600	0.354	100	330	28.6
150	56.41	248300	0.167	50	30	13.64
100	63	230000	0.33	50	77.5	21.7
150	48.56	73000	0.169	100	100	12.25
150	26	180000	1.2	80	400	30.14
150	74.67	233000	0.169	15	100	6
150	23.28	256000	0.165	25	95	6.17
100	24.41	261100	0.33	50	300	15.14
150	36.5	230000	0.11	100	150	16.75
150	27.7	165000	1.2	100	300	38.5
100	32	82700	0.5	33	75	7.08
160	19	175000	1.3	60	300	33.18
100	32.6	230000	0.84	70	100	25.1
100	36.3	270000	0.111	10	250	2.9
100	51.6	272660	0.167	50	80	18.72
100	56.02	261100	0.33	50	300	16.86
150	74.67	71000	0.341	50	200	11.55
160	19	166000	1.2	100	300	48.05
100	65.73	390000	0.167	100	300	19.5
150	48.56	233000	0.169	60	100	17.15
150	19.12	256000	0.165	25	95	5.5
150	74.67	233000	0.169	60	100	18.35
150	25.42	248300	0.167	50	50	11.89
400	33.1	230000	0.33	100	210	35.4
200	38.9	227000	0.655	50	250	20.34
100	41.5	272660	0.167	50	80	19.29
150	25.2	256000	0.165	25	145	7.33
150	74.67	73000	0.169	100	100	15.14
150	46.07	207000	0.33	50	150	16.72
150	36.8	238000	0.131	48	20	7.94
100	28.66	32700	4	30	150	17.74
150	45.66	73000	0.24	40	200	10.73
150	56.42	73000	0.169	50	200	8.72
125	42	230000	0.167	25	152	6
150	25.42	238100	0.167	50	50	19.67
100	44.31	230000	0.22	50	150	16.25
100	24.41	261100	0.33	50	300	13.87
80	39.1	43537	1.65	40	200	14.04
150	48.56	237000	0.169	60	40	14.6
100	24	272660	0.167	50	100	15.19
150	23.28	256000	0.165	25	75	5.72
400	35	230000	0.11	100	330	27
100	65.73	261100	0.167	50	300	12.23
80	30.8	42657	1.12	40	200	16.29
150	74.67	221000	0.111	60	20	7.46
100	53.4	270000	0.111	30	175	8.7
150	26	180000	1.2	80	400	40
228.6	48.87	108480	1.016	25.4	76	10.64
150	45.04	244600	0.167	50	100	21.05
150	39.87	73000	0.24	40	200	8.66
100	45.8	270000	0.111	50	150	10.5
100	24	272660	0.167	50	80	14.45
150	32	165000	1.25	100	300	45.5
200	24	152200	1.4	30	300	15.85
150	46.07	83030	0.507	20	100	5.99
200	38.9	94000	0.51	50	250	13.03
100	33.6	239640	0.222	50	0.222	39.4
200	46.2	110000	0.99	50	100	18.86
100	56.02	425000	0.33	50	300	16.56
80	23	42657	1.12	40	200	12.86
100	32	82700	0.5	33	75	7.7
400	33.1	230000	0.33	100	210	33
125	42	230000	0.167	25	152	6.3
200	32	152200	1.4	30	300	16.9
150	41.05	73000	0.24	40	200	8.56
200	40	152200	1.4	10	250	6.8
100	23.76	165000	1.2	50	100	18.25
100	41.5	270000	0.111	70	175	14.9
100	27.44	256000	0.165	85	100	15.08
100	16	272660	0.167	50	50	12.66
100	65.73	425000	0.33	50	300	19.49
100	63	390000	0.495	50	107.5	26.4
200	40	152200	1.4	30	300	17.73
150	48.56	233000	0.169	60	40	12.5
150	45.04	244600	0.167	50	400	22.52
150	32.7	230000	0.222	100	100	28.3
200	24	152200	1.4	10	250	6.25
150	29.7	230000	0.22	100	100	24.6
200	55.29	170000	1.25	50	100	17.3
100	27	230000	0.167	40	100	8.85
100	65.73	138000	1	40	250	17.23
100	65.73	390000	0.5	40	250	25.9
150	46.07	83030	0.507	50	150	12.28
200	32	152200	1.4	30	150	16.05
100	56.02	261100	0.167	50	300	10.02
150	45.04	248300	0.167	50	30	12.63
150	22.96	83030	0.507	20	150	5.81
200	24	152200	1.4	30	50	5.15
150	45.15	248300	0.167	50	50	13.05
150	74.67	221000	0.111	60	40	11.32
100	64.08	230000	0.22	40	250	14.1
150	36.8	238000	0.131	48	35	9.88
100	65.73	124500	0.386	50	300	11.88
150	23.82	170000	1.4	50	400	21.78
150	29.7	230000	0.222	100	100	24.6
150	33.96	238100	0.167	50	30	13.49
100	45.8	270000	0.111	50	150	10.8
150	56.42	71000	0.341	50	20	5.76
100	45.44	230000	0.22	50	150	16.25
80	28.2	42657	1.65	40	200	11.92
200	32	152200	1.4	10	250	6.8
200	40	152200	1.4	50	100	16
100	58	390000	0.495	50	120	29.8
100	16	272660	0.167	50	100	15.31
150	33.96	238100	0.167	50	50	18.84
100	40	230000	0.167	50	0.167	37.65
100	41.5	272660	0.167	50	300	23.87
150	26	241000	0.166	100	400	25.19
150	16.4	240000	0.083	100	150	11.25
150	45.04	244600	0.167	50	250	22.99
80	28.2	43537	1.8	40	200	13.5
150	20.08	256000	0.165	25	95	5.67
150	41.1	238000	0.131	48	175	10.12
400	35	83600	0.59	100	330	33.4
100	65.73	230000	0.333	100	300	25.65
150	56.42	233000	0.169	60	60	14.94
100	47.8	252200	0.084	50	300	7
100	51.6	272660	0.167	50	50	19.44
125	39	230000	0.167	19	152	4.05
150	20.08	256000	0.165	25	95	5.76
200	40	152200	1.4	10	150	7.78
200	24	152200	1.4	30	250	24.84
150	26	241000	0.166	100	400	20.82
150	36.8	238000	0.131	48	35	9.24
100	56.02	425000	0.33	50	300	14.64
150	74.67	71000	0.341	50	60	11.15
150	74.67	73000	0.169	50	200	10.15
100	58	390000	0.165	50	65	12.1
150	31.94	73000	0.24	40	200	7.01
100	26.5	230000	0.111	40	100	6.95
150	26	241000	0.166	100	100	21.5
100	34.9	270000	0.111	30	100	6.4
100	32	272660	0.167	50	100	18.15
400	35	83600	0.118	100	330	15.6
100	56.02	261100	0.66	50	300	22.29
100	43.4	230000	0.17	70	200	19.02
250	43.5	227000	0.393	50	250	15.73
100	23.76	300000	1.2	50	160	38.02
100	65.73	261100	0.66	50	300	27.24
100	38.8	270000	0.111	30	250	6.4
100	23.76	165000	1.2	50	200	34.22
150	39.1	238000	0.131	48	125	9.45
100	23.79	230000	0.11	50	75	6.25
100	28.66	210000	1.2	50	180	34
100	32	82700	0.5	33	150	7.74
125	42	230000	0.167	25	152	5.8
150	39.1	238000	0.131	48	125	10.09
150	52.6	165000	1.2	50	400	23
100	32	272660	0.167	50	80	16.99
160	19	221000	1.7	100	300	54.57
100	65.73	390000	0.167	100	300	19.5
200	38.9	227000	0.262	50	250	14.36
100	51.6	272660	0.167	50	100	20.94
100	23.76	165000	1.2	50	255	33.14
150	74.67	233000	0.169	30	100	9
150	36.5	230000	0.111	100	150	16.8
100	47.1	261100	0.084	50	300	9.4
100	65.73	390000	0.5	40	250	23.4
150	36.24	207000	0.33	50	150	21.71
200	40	152200	1.4	30	150	15.22
100	21.36	256000	0.165	100	95	15.57
150	23.28	256000	0.165	25	190	7.03
100	33.6	239640	0.222	50	0.222	24.7
150	21.46	230000	0.166	100	100	19.37
150	21.46	230000	0.166	100	100	20.37
100	32.6	230000	0.17	70	200	14.9
150	46.05	248300	0.167	50	250	17.5
150	74.67	233000	0.169	60	40	14.1
80	39.1	43537	1.7	40	200	13.05
140	44.57	209000	0.176	100	100	27.3
100	53.8	82700	0.5	33	150	8.35
100	32	82700	0.5	26	150	6.29
150	48.56	237000	0.169	60	200	16.9
150	23.28	256000	0.165	25	85	6
100	28.66	32700	4	30	200	20.6
100	24.7	230000	0.167	40	100	6.75
150	27.7	210000	1.4	100	300	52
100	24	272660	0.167	50	300	16.43
400	35	230000	0.11	100	330	30.5
100	56.02	261100	0.33	50	300	16.29
150	74.67	233000	0.169	60	60	18.35
150	56.41	248300	0.167	50	50	15.7
150	52.6	197630	1.2	80	355	37.6
150	56.41	248300	0.167	50	250	17.64
100	30.8	97000	0.169	50	130	11.43
200	40	152200	1.4	50	250	24.9
80	28.2	43537	1.65	40	200	12.82
140	44.57	209000	0.176	100	100	28.4
100	28.66	210000	1.2	50	230	37.02
125	39	230000	0.167	46	152	12.9
100	40	91000	0.51	50	0.51	36.8
200	38.9	227000	0.524	50	250	18.37
100	29.25	230000	0.167	40	300	9.3
150	22.96	83030	0.507	80	150	18.23
100	32.6	230000	0.17	70	300	17.33
150	25.3	244600	0.167	50	400	23.41
100	65.73	138000	2	40	250	22.32
150	43.13	238100	0.167	50	100	23.23
100	23.76	300000	1.2	50	180	41.15
140	44.57	209000	0.176	100	220	28.6
100	56.02	261100	0.167	50	300	8.73
150	59.02	244600	0.167	50	50	16.84
150	45.04	244600	0.167	50	50	17.2
150	56.42	221000	0.111	60	40	10.2
150	43	181000	1.2	50	400	27
150	24	230000	0.167	100	100	22
150	56.42	71000	0.341	50	100	11.3
150	36.24	83030	0.507	20	100	4.63
200	40	152200	1.4	30	250	19
80	39.1	42657	1.4	40	200	11.14
100	40	230000	0.167	50	0.167	41.6
150	25.3	244600	0.167	50	50	18.95
150	56.42	233000	0.169	60	100	14.54
160	19	109000	1.6	100	300	47.72
100	75.5	270000	0.111	30	175	4.8
150	23.28	256000	0.165	25	190	6.68
228.6	36.4	108480	1.016	25.4	102	12.81
100	51.6	272660	0.167	50	80	20.9
150	43.13	238100	0.167	50	30	14.28
200	24	152200	1.4	10	150	7.7
150	52.6	195700	1.2	80	355	34.5
80	39.1	43537	1.7	40	200	13.53
100	32	82700	1	33	150	9.96
140	44.57	209000	0.176	100	80	25.2
150	36	240720	0.111	75	50	10.63
100	26.5	230000	0.167	40	100	9.85
100	41.5	272660	0.167	50	300	20.82
150	46.07	83030	0.507	50	100	9.84
150	23.28	256000	0.165	25	75	4.75
200	24	152200	1.4	30	250	15.6
150	25.42	238100	0.167	50	250	24.17
150	56.42	73000	0.169	50	40	8.48
100	32.6	230000	0.17	30	100	7.8
150	26	241000	0.166	100	100	21
150	27.44	256000	0.165	75	100	14.63
200	61.5	110000	0.66	50	100	15.17
100	25.3	230000	0.334	40	100	12
150	48.56	233000	0.169	60	40	12.3
100	65.73	230000	0.167	100	300	16.95
200	43.5	224000	0.393	100	250	32.38
150	30.2	170000	1.4	100	300	56.5
100	64.08	390000	0.501	40	250	23.5
100	28.66	32700	4	30	100	12.5
150	26	180000	1.2	80	400	33.56
150	56.42	71000	0.341	50	200	9.96
80	74.5	42657	1.12	40	200	15.22
150	36.5	238000	0.131	48	75	9.8
140	44.57	209000	0.176	100	60	18.8
200	40	152200	1.4	50	200	25
400	35	230000	0.22	100	330	51
80	28.2	43537	1.5	40	200	12.16
150	36.8	238000	0.131	48	50	9.85
150	25.2	256000	0.165	25	190	7.44
200	41.2	162000	1.2	50	300	26.9
80	39.1	42657	1.12	40	200	11.68
80	39.1	42657	1.5	40	200	11.64
150	48.56	233000	0.169	60	40	10.95
150	48.56	233000	0.169	150	100	24.8
200	43.5	227000	0.393	125	250	39.54
80	28.2	42657	1.03	40	200	9.52
100	33.6	239640	0.222	50	0.222	33.4
150	25.3	244600	0.167	50	100	22.09
100	16	272660	0.167	50	80	12.13
140	44.57	209000	0.176	100	100	29.8
100	24.41	261100	0.33	50	300	14.54
100	57.6	425100	0.165	50	300	21.6
150	36.24	207000	0.33	20	150	4.61
150	74.67	71000	0.341	50	200	12.75
150	23.28	256000	0.165	25	115	6.19
150	56.42	71000	0.341	50	40	9.34
100	32	272660	0.167	50	300	17.86
100	39	230000	0.17	70	200	15.63
150	48.56	237000	0.169	60	200	17.05
150	36.24	83030	0.507	20	150	5.77
140	44.57	209000	0.176	100	100	28.5
150	52.6	291020	0.13	80	355	14.6
100	65.73	390000	0.167	40	250	12
200	32	152200	1.4	30	250	16.11
140	44.57	209000	0.176	100	100	29.8
100	43.4	230000	0.17	30	200	10.27
150	16	344500	0.111	100	120	17.34
80	30.8	42657	1.12	40	230	14.64
150	23.28	256000	0.165	25	190	6.35
150	36.24	83030	0.507	50	100	11.03
150	45.15	248300	0.167	50	100	16.15
100	40	91000	0.34	50	0.34	23.6
100	24.7	230000	0.167	40	100	9
150	48.56	73000	0.169	50	20	4.55
100	36.3	270000	0.111	50	250	11.3
80	74.5	42657	1.12	40	230	18.29
228.6	45.24	108480	1.016	25.4	76	10.53
80	30.8	42657	1.12	40	200	16.57
100	21.36	256000	0.165	90	95	13.56
100	41.5	272660	0.167	50	50	17.6
200	40	152200	1.4	10	50	4.55
100	16	272660	0.167	50	300	17.73
100	32	82700	0.5	33	150	8.51
150	48.56	73000	0.169	50	100	9.1
150	37.55	140000	1.4	50	250	39.78
100	43.4	230000	0.84	70	200	29.73
200	32	152200	1.4	10	150	6.35
100	28.66	210000	1.2	50	150	30.4
100	28.66	32700	4	30	175	20.5
160	19	171000	1.25	100	300	41.25
200	43.5	227000	0.393	125	250	41.28
152.4	36.4	108480	1.016	25.4	152	11.92
150	22.96	207000	0.33	50	150	10.02
150	40.6	238000	0.131	48	250	9.39
125	39	230000	0.167	12	152	3.5
150	43	181000	1.2	50	100	18.7
100	43.42	230000	0.11	50	300	11.95
200	32	152200	1.4	30	50	9.15
100	40	230000	0.167	50	0.167	43.8
150	33	175000	1.44	100	300	43.5
100	23.76	300000	1.2	50	250	45.5
400	33.1	230000	0.22	100	210	33.5
150	25.42	248300	0.167	50	100	15.91
150	43.13	238100	0.167	50	250	26.88
150	48.56	73000	0.169	50	100	8.4
100	41.5	270000	0.111	90	175	14.7
100	27.44	22500	1.27	25.3	100	4.78
100	65.73	124500	0.386	50	300	12.86
100	24	272660	0.167	50	300	19.21
150	19.12	256000	0.165	25	95	5.9
125	39	230000	0.167	46	152	12.05
150	24.8	230000	0.17	100	100	20.1
200	32	152200	1.4	30	100	14.9
150	43.09	73000	0.24	40	200	10.65
100	43.42	230000	0.11	50	150	9.2
150	35.7	140000	1.4	50	200	35.65
100	23.76	165000	1.2	50	130	24.5
140	44.57	209000	0.176	100	140	33.3
100	16	272660	0.167	50	300	16.9
100	34.9	270000	0.111	10	145	3.1
150	26	241000	0.166	100	400	25.39
100	47.8	385400	0.083	50	300	8.8
100	32	272660	0.167	50	80	16.48
150	52.6	195700	1.2	80	355	33.5
100	26.5	230000	0.167	40	100	9.25
100	30.8	97000	0.169	50	70	6.46
150	29.36	240000	0.083	100	150	12.25
100	40	91000	0.17	50	0.17	17.4
100	36.3	270000	0.111	20	145	4.9
150	39.68	73000	0.24	40	200	11.51
150	48.56	233000	0.169	60	40	11.95
200	38.9	227000	0.262	50	250	14.36
150	48.56	73000	0.169	50	200	9.05
150	74.67	233000	0.169	90	100	22.3
100	65.73	138000	1	40	250	16.96
150	56.42	73000	0.169	50	20	5.62
150	23.28	256000	0.165	25	145	5.95
100	44.31	230000	0.22	50	65	9.55
150	48.56	232000	0.169	60	60	12.5
200	24	152200	1.4	10	50	9.3
100	25.3	230000	0.167	40	100	8.75
150	22.96	207000	0.33	80	150	19.27
150	48.56	237000	0.169	60	200	18.35
160	19	221000	1.7	100	300	51.41
150	30.2	175000	1	100	300	52.9
200	46.2	110000	0.66	50	100	14.25
150	50.6	73000	0.24	40	200	12.96
100	30.8	97000	0.169	50	130	10.49
150	25.2	256000	0.165	25	240	6.24
100	32.6	230000	0.17	70	100	15.47
200	38.9	227000	0.393	50	250	16.81
150	74.67	233000	0.169	60	200	18.05
150	46.05	248300	0.167	50	50	14.5
100	33.6	239640	0.222	50	0.222	26.7
100	65.73	23900	1	100	300	11.9
100	51.6	272660	0.167	50	80	20.2
100	50.9	425100	0.165	50	300	16.4
100	41.5	272660	0.167	50	50	17.22
228.6	28.9	108480	1.016	25.4	76	9.34
100	32	82700	0.5	26	150	7.73
100	16	272660	0.167	50	80	13.32
150	41.1	238000	0.131	48	200	9.95
200	32	152200	1.4	40	50	10.7
200	41.2	162000	1.2	50	200	27.5
100	42.4	270000	0.111	30	175	6.1
150	26	180000	1.2	80	400	37
200	32	152200	1.4	10	50	5.1
100	32	272660	0.167	50	100	18.27
150	16	344500	0.111	100	120	16.94
150	26	241000	0.166	100	100	19.4
200	32	152200	1.4	40	100	24.5
100	21.36	256000	0.165	100	95	17.43
150	48.56	73000	0.169	100	100	11.35
150	48.56	73000	0.169	50	30	7.05
125	39	230000	0.167	38	152	10.09
150	48.56	233000	0.169	60	40	11.9
100	63	390000	0.495	50	130	29.7
150	21.36	256000	0.165	100	95	15.58
200	24	152200	1.4	10	200	7.9
100	65.73	390000	0.5	40	250	23.7
100	40	230000	0.334	50	0.334	48.4
150	56.42	221000	0.111	60	20	4.94
150	33.1	230000	0.167	100	150	20.5
200	46.2	110000	0.495	50	100	12.55
150	46.05	238100	0.167	50	100	25.05
160	19	175000	1.3	60	300	29.86
150	52.6	165000	1.2	80	200	33
100	33.6	239640	0.222	50	0.222	31.9
200	32	152200	1.4	40	300	27.3
100	33.6	239640	0.222	50	0.222	36.5
200	24	152200	1.4	30	150	16.2
80	28.2	43537	1.7	40	200	12.79
100	23.76	300000	1.2	50	200	46.35
100	58	230000	0.33	50	77.5	28.2
150	25.42	238100	0.167	50	30	11.61
150	48.56	73000	0.169	50	200	9.35
200	38.9	227000	0.524	50	250	19.45
150	74.67	73000	0.169	50	20	5.35
100	36.3	270000	0.111	20	175	4.4
200	24	152200	1.4	30	50	13.3
150	74.67	73000	0.169	50	60	8.5
150	32.92	248300	0.167	50	50	14.27
150	27.7	210000	1.4	100	300	52.5
150	56.41	244600	0.167	50	30	14.77
150	21.46	230000	0.166	100	100	22.58
150	36	240720	0.111	50	60	7.13
150	26	180000	1.2	80	100	27.58
100	29.25	230000	0.167	40	100	8.75
150	32.92	244600	0.167	50	400	28.16
150	21.46	170000	1.4	50	125	19.46
80	39.1	42657	1.12	40	200	11.47
200	61.5	110000	0.99	50	100	19.03
200	40	152200	1.4	10	200	7.65
100	56.02	124500	0.386	50	300	12.18
150	33	165000	1.23	100	300	56.1
100	50.9	261100	0.167	50	300	15.7
150	40.6	238000	0.131	48	225	9.81
100	25.3	230000	0.111	40	100	7.7
150	48.56	73000	0.169	20	100	3.8
100	65.73	261100	0.33	50	300	18.91
150	26	241000	0.166	100	100	21.22
150	25.3	248300	0.167	50	30	9.36
150	36.24	207000	0.33	80	100	22.64
150	45.15	248300	0.167	50	250	19.27
100	32	272660	0.167	50	50	14.91
160	19	175000	1.3	60	300	31.88
150	48.56	233000	0.169	60	40	12.7
100	16	272660	0.167	50	50	11.1
150	46.07	83030	0.507	80	100	14.02
200	46.2	110000	0.825	50	100	17.72
100	27.44	22500	1.27	50.6	100	8.02
150	36.5	238000	0.131	48	100	9.89
150	56.42	233000	0.169	60	40	11.06
200	32	152200	1.4	40	200	19.3
100	40	91000	0.34	50	0.34	19.89
150	32.92	244600	0.167	50	100	23.73
150	45.15	244600	0.167	50	100	18.31
150	36.24	207000	0.33	20	100	5.54
100	56.02	261100	0.33	50	300	15.35
125	39	230000	0.167	12	152	3.89
100	35.1	270000	0.222	30	175	14.5
